T= 0
  X= 0.2117698 -0.169455906 -0.252385541 0.196364774 0.165221581 0.0145711472 -0.966400738
  V= 0 0 0 0 0 0
T= 0.01
  X= 0.211769818 -0.169456002 -0.252385492 0.196153919 0.165472596 0.0158065449 -0.966381195
  V= 0 0 0 0 0 0
T= 0.02
  X= 0.211839911 -0.16957388 -0.252307853 0.196932641 0.165720464 0.0150222349 -0.966192835
  V= 0 0 0 0 0 0
T= 0.03
  X= 0.21176989 -0.16945604 -0.252385449 0.196259851 0.165347592 0.0151888963 -0.966390988
  V= 0 0 0 0 0 0
T= 0.04
  X= 0.21194322 -0.169455733 -0.252322784 0.196265817 0.16628533 0.015251878 -0.966227871
  V= 0 0 0 0 0 0
T= 0.05
  X= 0.21176989 -0.16945604 -0.252385449 0.196259851 0.165347592 0.0151888963 -0.966390988
  V= 0 0 0 0 0 0
T= 0.06
  X= 0.211699453 -0.169338027 -0.252462986 0.195691909 0.164847647 0.0147386027 -0.966598522
  V= 0 0 0 0 0 0
T= 0.07
  X= 0.211856532 -0.169455906 -0.252354165 0.196315911 0.165753553 0.0149115714 -0.966314373
  V= 0 0 0 0 0 0
T= 0.08
  X= 0.211856613 -0.16945589 -0.252354143 0.196421738 0.165628461 0.0142939152 -0.966323651
  V= 0 0 0 0 0 0
T= 0.09
  X= 0.21176989 -0.16945604 -0.252385449 0.196259851 0.165347592 0.0151888963 -0.966390988
  V= 0 0 0 0 0 0
T= 0.1
  X= 0.2117698 -0.169455906 -0.252385541 0.196364774 0.165221581 0.0145711472 -0.966400738
  V= 0 0 0 0 0 0
T= 0.11
  X= 0.211839911 -0.16957388 -0.252307853 0.196932641 0.165720464 0.0150222349 -0.966192835
  V= 0 0 0 0 0 0
T= 0.12
  X= 0.211640494 -0.172618766 -0.250962838 0.212892713 0.166275381 0.018330212 -0.96264905
  V= 0 0 0 0 0 0
T= 0.13
  X= 0.211611167 -0.172269691 -0.251142675 0.211100119 0.165856453 0.0176469794 -0.963128735
  V= 0 0 0 0 0 0
T= 0.14
  X= 0.211611167 -0.172269691 -0.251142675 0.211100119 0.165856453 0.0176469794 -0.963128735
  V= 0 0 0 0 0 0
T= 0.15
  X= 0.21161117 -0.172269694 -0.251142673 0.21120611 0.1657215 0.017031335 -0.963139812
  V= 0 0 0 0 0 0
T= 0.16
  X= 0.211611174 -0.172269697 -0.25114267 0.211312015 0.16558648 0.0164156838 -0.963150495
  V= 0 0 0 0 0 0
T= 0.17
  X= 0.211611174 -0.172269697 -0.25114267 0.211312015 0.16558648 0.0164156838 -0.963150495
  V= 0 0 0 0 0 0
T= 0.18
  X= 0.211148173 -0.172222556 -0.250395 0.213279593 0.16429186 0.0154247375 -0.962954868
  V= 0 0 0 0 0 0
T= 0.19
  X= 0.209458593 -0.172190616 -0.247151966 0.221428539 0.160232866 0.0147028174 -0.961810095
  V= 0 0 0 0 0 0
T= 0.2
  X= 0.20752135 -0.171790039 -0.244078348 0.229686483 0.154733253 0.0130419341 -0.960797402
  V= 0 0 0 0 0 0
T= 0.21
  X= 0.204751494 -0.171783188 -0.239699699 0.239055024 0.14859072 0.0139324045 -0.959468281
  V= 0 0 0 0 0 0
T= 0.22
  X= 0.202055753 -0.17148948 -0.235451281 0.247051222 0.143193193 0.0184455874 -0.958186393
  V= 0 0 0 0 0 0
T= 0.23
  X= 0.199452221 -0.170707478 -0.231786055 0.252160838 0.138020428 0.0247836921 -0.95747117
  V= 0 0 0 0 0 0
T= 0.24
  X= 0.197018512 -0.169459544 -0.228491742 0.257030668 0.13332863 0.0336367811 -0.956570582
  V= 0 0 0 0 0 0
T= 0.25
  X= 0.194480308 -0.168072247 -0.225019042 0.262978191 0.128849756 0.0428385799 -0.955198967
  V= 0 0 0 0 0 0
T= 0.26
  X= 0.19161798 -0.166040988 -0.221271387 0.268821593 0.123765966 0.0535161808 -0.953704858
  V= 0 0 0 0 0 0
T= 0.27
  X= 0.188662539 -0.163549979 -0.217270842 0.275997757 0.119084124 0.065827585 -0.951478291
  V= 0 0 0 0 0 0
T= 0.28
  X= 0.185944946 -0.160294458 -0.21349548 0.28211537 0.115579064 0.0788131685 -0.949126379
  V= 0 0 0 0 0 0
T= 0.29
  X= 0.183024485 -0.156902324 -0.209741852 0.288602654 0.111217121 0.092063122 -0.946500735
  V= 0 0 0 0 0 0
T= 0.3
  X= 0.180127763 -0.152904286 -0.205923287 0.294735079 0.107237104 0.105279595 -0.943688319
  V= 0 0 0 0 0 0
T= 0.31
  X= 0.176572034 -0.148001792 -0.201168207 0.302194218 0.101452559 0.119120128 -0.940317195
  V= 0 0 0 0 0 0
T= 0.32
  X= 0.173298084 -0.142407013 -0.196939408 0.308074811 0.0967877495 0.135807973 -0.936631324
  V= 0 0 0 0 0 0
T= 0.33
  X= 0.170169472 -0.135672383 -0.192799944 0.314172463 0.0913287696 0.152324922 -0.932604867
  V= 0 0 0 0 0 0
T= 0.34
  X= 0.167522612 -0.127811014 -0.189034775 0.318759083 0.0858706712 0.169010627 -0.928684167
  V= 0 0 0 0 0 0
T= 0.35
  X= 0.165449746 -0.119909257 -0.18608038 0.321325486 0.0800189498 0.183132113 -0.925640064
  V= 0 0 0 0 0 0
T= 0.36
  X= 0.163805342 -0.110522216 -0.183012019 0.322718211 0.073640065 0.197739498 -0.922675018
  V= 0 0 0 0 0 0
T= 0.37
  X= 0.162768953 -0.101668188 -0.180090982 0.324860635 0.0669377347 0.209554515 -0.91982162
  V= 0 0 0 0 0 0
T= 0.38
  X= 0.162275656 -0.0925984667 -0.177608461 0.325128572 0.0602462114 0.22064574 -0.91759319
  V= 0 0 0 0 0 0
T= 0.39
  X= 0.162562098 -0.0835480511 -0.174785682 0.325193441 0.0568094521 0.230010313 -0.915487394
  V= 0 0 0 0 0 0
T= 0.4
  X= 0.16278456 -0.0745112986 -0.172158271 0.324198805 0.0529318433 0.239447031 -0.913651178
  V= 0 0 0 0 0 0
T= 0.41
  X= 0.16320773 -0.0665111902 -0.169875959 0.323047945 0.0507368698 0.246968034 -0.912180128
  V= 0 0 0 0 0 0
T= 0.42
  X= 0.163749577 -0.0547590559 -0.166974108 0.319828758 0.0489032307 0.256803571 -0.910697516
  V= 0 0 0 0 0 0
T= 0.43
  X= 0.163903484 -0.0465763587 -0.16516727 0.317489431 0.0482970958 0.264274767 -0.909410083
  V= 0 0 0 0 0 0
T= 0.44
  X= 0.164249922 -0.0361168651 -0.163309536 0.313598566 0.0485155658 0.271897996 -0.908500776
  V= 0 0 0 0 0 0
T= 0.45
  X= 0.163960989 -0.0260282809 -0.161393291 0.309351411 0.0482053095 0.280257708 -0.907432405
  V= 0 0 0 0 0 0
T= 0.46
  X= 0.163876806 -0.0158304975 -0.159945305 0.304157781 0.0475974726 0.287356991 -0.906999716
  V= 0 0 0 0 0 0
T= 0.47
  X= 0.164044484 -0.00628273853 -0.158820149 0.297975319 0.0466204156 0.293317486 -0.907194631
  V= 0 0 0 0 0 0
T= 0.48
  X= 0.164479916 0.00451494534 -0.157841457 0.290092373 0.0444986594 0.300353804 -0.907553787
  V= 0 0 0 0 0 0
T= 0.49
  X= 0.164924469 0.0138816089 -0.156738033 0.282749291 0.042774703 0.306601326 -0.907864963
  V= 0 0 0 0 0 0
T= 0.5
  X= 0.165534832 0.0239966303 -0.155437089 0.275743874 0.0417716283 0.311885814 -0.908266308
  V= 0 0 0 0 0 0
T= 0.51
  X= 0.165996279 0.0341828751 -0.154319345 0.267647127 0.0416447948 0.317270728 -0.908828923
  V= 0 0 0 0 0 0
T= 0.52
  X= 0.166372215 0.0433890147 -0.153246568 0.259946961 0.0430260349 0.321931452 -0.909360477
  V= 0 0 0 0 0 0
T= 0.53
  X= 0.16641561 0.0542892919 -0.15189762 0.249906343 0.0438488062 0.327900788 -0.910002843
  V= 0 0 0 0 0 0
T= 0.54
  X= 0.166380195 0.0640969976 -0.15075021 0.239850001 0.0444119903 0.33395946 -0.910478243
  V= 0 0 0 0 0 0
T= 0.55
  X= 0.166507367 0.0779209391 -0.149184486 0.224851704 0.0445677416 0.340919644 -0.911717733
  V= 0 0 0 0 0 0
T= 0.56
  X= 0.166547861 0.0887011078 -0.147665072 0.213381541 0.0448715582 0.345622411 -0.912688342
  V= 0 0 0 0 0 0
T= 0.57
  X= 0.166397548 0.0978264623 -0.146317669 0.203247105 0.043660867 0.348318779 -0.914034119
  V= 0 0 0 0 0 0
T= 0.58
  X= 0.166253545 0.107539142 -0.145084194 0.192414766 0.0430591062 0.350091241 -0.91572845
  V= 0 0 0 0 0 0
T= 0.59
  X= 0.166115646 0.116437399 -0.144147836 0.181613421 0.0417658183 0.350578017 -0.917805663
  V= 0 0 0 0 0 0
T= 0.6
  X= 0.165855678 0.125910395 -0.142844139 0.171254103 0.0415672879 0.350778134 -0.919727619
  V= 0 0 0 0 0 0
T= 0.61
  X= 0.164893559 0.135859254 -0.141545028 0.160498831 0.0396608738 0.352543767 -0.921075476
  V= 0 0 0 0 0 0
T= 0.62
  X= 0.163900705 0.14520092 -0.140165832 0.150590239 0.0379264899 0.350642076 -0.92354442
  V= 0 0 0 0 0 0
T= 0.63
  X= 0.162422532 0.154033421 -0.13933528 0.139949017 0.0344146974 0.351270194 -0.925115751
  V= 0 0 0 0 0 0
T= 0.64
  X= 0.160445337 0.163046483 -0.138265054 0.129998417 0.0296924579 0.349256463 -0.927490535
  V= 0 0 0 0 0 0
T= 0.65
  X= 0.158218364 0.171223159 -0.137066362 0.119787921 0.0245264414 0.347371775 -0.929721548
  V= 0 0 0 0 0 0
T= 0.66
  X= 0.156216676 0.179105587 -0.135487729 0.110322367 0.0187571017 0.344746648 -0.932001553
  V= 0 0 0 0 0 0
T= 0.67
  X= 0.153961215 0.187136864 -0.134060667 0.098840123 0.0124416812 0.344138732 -0.933618963
  V= 0 0 0 0 0 0
T= 0.68
  X= 0.151876286 0.194554236 -0.13262833 0.0879103081 0.00637401546 0.341074676 -0.935894874
  V= 0 0 0 0 0 0
T= 0.69
  X= 0.148926305 0.202456316 -0.130960842 0.075745429 -0.000649200403 0.34061569 -0.937146285
  V= 0 0 0 0 0 0
T= 0.7
  X= 0.145473021 0.210028436 -0.129567146 0.0642777748 -0.00715105603 0.338886984 -0.938601535
  V= 0 0 0 0 0 0
T= 0.71
  X= 0.141219204 0.216989013 -0.128190162 0.0522429308 -0.0159802024 0.335668029 -0.940394749
  V= 0 0 0 0 0 0
T= 0.72
  X= 0.136874994 0.222765011 -0.127341422 0.040297417 -0.0251696022 0.334212375 -0.941299473
  V= 0 0 0 0 0 0
T= 0.73
  X= 0.132330891 0.227690037 -0.126385246 0.0277034654 -0.0346235333 0.334552257 -0.941333371
  V= 0 0 0 0 0 0
T= 0.74
  X= 0.127015696 0.231692474 -0.125325291 0.0172904675 -0.0451063976 0.33503305 -0.940967219
  V= 0 0 0 0 0 0
T= 0.75
  X= 0.12164539 0.234884455 -0.124349533 0.00890752726 -0.053758625 0.338721097 -0.939307556
  V= 0 0 0 0 0 0
T= 0.76
  X= 0.114684085 0.237582372 -0.123100499 0.00405549542 -0.0624143856 0.341900466 -0.937652424
  V= 0 0 0 0 0 0
T= 0.77
  X= 0.106735172 0.240067169 -0.121712135 0.000145435522 -0.0725761966 0.349931231 -0.933959746
  V= 0 0 0 0 0 0
T= 0.78
  X= 0.0987095143 0.241883024 -0.120016743 -0.00298979064 -0.0850343869 0.358987023 -0.929456041
  V= 0 0 0 0 0 0
T= 0.79
  X= 0.0903469138 0.242915459 -0.118288763 -0.00480795334 -0.0984228987 0.366314066 -0.925258786
  V= 0 0 0 0 0 0
T= 0.8
  X= 0.0814794713 0.243379081 -0.116350444 -0.00607985479 -0.112828695 0.3735093 -0.920719025
  V= 0 0 0 0 0 0
T= 0.81
  X= 0.0729146515 0.243738985 -0.114304706 -0.0064496214 -0.127940892 0.380471517 -0.915877151
  V= 0 0 0 0 0 0
T= 0.82
  X= 0.0643941272 0.243967538 -0.112046954 -0.00571038233 -0.144251935 0.387047233 -0.910688317
  V= 0 0 0 0 0 0
T= 0.83
  X= 0.0558260351 0.243898411 -0.109824806 -0.00336745572 -0.16013785 0.394725035 -0.904730167
  V= 0 0 0 0 0 0
T= 0.84
  X= 0.0469980761 0.243947559 -0.107501254 0.000268410807 -0.176898716 0.404319784 -0.89734736
  V= 0 0 0 0 0 0
T= 0.85
  X= 0.038466657 0.244090999 -0.105169549 0.00482550959 -0.194661172 0.415046891 -0.888718077
  V= 0 0 0 0 0 0
T= 0.86
  X= 0.0304888042 0.244750118 -0.102770659 0.00742055006 -0.212599713 0.429785276 -0.877514054
  V= 0 0 0 0 0 0
T= 0.87
  X= 0.0228908619 0.245525621 -0.100753196 0.00925781326 -0.230362353 0.44411986 -0.865797337
  V= 0 0 0 0 0 0
T= 0.88
  X= 0.0164266091 0.245964008 -0.0989167473 0.0117986442 -0.24437278 0.455748826 -0.855824599
  V= 0 0 0 0 0 0
T= 0.89
  X= 0.0103396064 0.246360202 -0.096748727 0.0137837494 -0.258932179 0.467589943 -0.845058448
  V= 0 0 0 0 0 0
T= 0.9
  X= 0.00387173933 0.246362603 -0.0945971728 0.0159712011 -0.274538261 0.478500192 -0.833913203
  V= 0 0 0 0 0 0
T= 0.91
  X= -0.00187598425 0.245585374 -0.0930147254 0.0170226317 -0.287016033 0.487366797 -0.824503263
  V= 0 0 0 0 0 0
T= 0.92
  X= -0.00780295366 0.244153787 -0.0915875638 0.0164386728 -0.298957942 0.496451358 -0.814794433
  V= 0 0 0 0 0 0
T= 0.93
  X= -0.0132130224 0.241881325 -0.0900902337 0.0178879268 -0.309419624 0.502986219 -0.806811243
  V= 0 0 0 0 0 0
T= 0.94
  X= -0.0187064934 0.239480562 -0.0882764656 0.0204151842 -0.319541926 0.509609297 -0.798607877
  V= 0 0 0 0 0 0
T= 0.95
  X= -0.0242654276 0.237108104 -0.0863650657 0.024948144 -0.328848539 0.515007858 -0.791203599
  V= 0 0 0 0 0 0
T= 0.96
  X= -0.0293004458 0.234767643 -0.0846489999 0.0278262246 -0.336415668 0.519902672 -0.784698293
  V= 0 0 0 0 0 0
T= 0.97
  X= -0.0340659687 0.232203701 -0.0832115027 0.0304508769 -0.343585987 0.521384477 -0.78049961
  V= 0 0 0 0 0 0
T= 0.98
  X= -0.0388418376 0.22916984 -0.0821710179 0.0317187695 -0.350790294 0.522286416 -0.776631823
  V= 0 0 0 0 0 0
T= 0.99
  X= -0.0436264527 0.225019533 -0.0816360404 0.0315405966 -0.357699369 0.520484579 -0.774694879
  V= 0 0 0 0 0 0
T= 1
  X= -0.0478273393 0.221016692 -0.0813176868 0.0309520411 -0.363987757 0.518929917 -0.77283027
  V= 0 0 0 0 0 0
T= 1.01
  X= -0.0511908729 0.217273458 -0.0810749995 0.0311266905 -0.368532538 0.518847825 -0.770721631
  V= 0 0 0 0 0 0
T= 1.02
  X= -0.0550727275 0.212706078 -0.08077091 0.0328992522 -0.373248428 0.516015636 -0.770279893
  V= 0 0 0 0 0 0
T= 1.03
  X= -0.0591995598 0.207988547 -0.0809263644 0.0353789271 -0.377375356 0.514937856 -0.768879169
  V= 0 0 0 0 0 0
T= 1.04
  X= -0.0627442916 0.203444777 -0.081314203 0.0373137556 -0.380442727 0.513197481 -0.768439562
  V= 0 0 0 0 0 0
T= 1.05
  X= -0.0661453154 0.199151472 -0.0815148793 0.0389699594 -0.383826062 0.513187728 -0.766679367
  V= 0 0 0 0 0 0
T= 1.06
  X= -0.0695171552 0.194538645 -0.0818906077 0.0413552575 -0.387292143 0.512352867 -0.76536859
  V= 0 0 0 0 0 0
T= 1.07
  X= -0.0727832685 0.189683374 -0.08232952 0.0445500527 -0.390442304 0.509843427 -0.765264516
  V= 0 0 0 0 0 0
T= 1.08
  X= -0.076070276 0.18487804 -0.0829085431 0.0475128205 -0.393263673 0.508713808 -0.764392881
  V= 0 0 0 0 0 0
T= 1.09
  X= -0.0786209121 0.18119611 -0.0832788119 0.0500459599 -0.395771831 0.508813505 -0.762868846
  V= 0 0 0 0 0 0
T= 1.1
  X= -0.0812099909 0.177289663 -0.0839110457 0.0530533018 -0.397663323 0.509036407 -0.761532117
  V= 0 0 0 0 0 0
T= 1.11
  X= -0.0837226898 0.173172026 -0.0846477769 0.0560113645 -0.399610864 0.508908476 -0.76038546
  V= 0 0 0 0 0 0
T= 1.12
  X= -0.0860955963 0.168908436 -0.085560128 0.0591835083 -0.401569636 0.508912808 -0.759109277
  V= 0 0 0 0 0 0
T= 1.13
  X= -0.088285587 0.164493665 -0.08665274 0.0618570997 -0.403213962 0.5088155 -0.758089036
  V= 0 0 0 0 0 0
T= 1.14
  X= -0.0905046638 0.160409039 -0.0878745903 0.0641378287 -0.404536633 0.509922226 -0.756449453
  V= 0 0 0 0 0 0
T= 1.15
  X= -0.0924450281 0.156432606 -0.0891434861 0.0658705191 -0.405651506 0.510757208 -0.755139063
  V= 0 0 0 0 0 0
T= 1.16
  X= -0.094315456 0.152129235 -0.0902573889 0.0681792629 -0.406920316 0.512187011 -0.753280765
  V= 0 0 0 0 0 0
T= 1.17
  X= -0.0962621637 0.147644876 -0.0917224159 0.0704354468 -0.408399643 0.514211124 -0.750889805
  V= 0 0 0 0 0 0
T= 1.18
  X= -0.0977664876 0.143508845 -0.0930262676 0.0730997147 -0.408797742 0.516337842 -0.748956654
  V= 0 0 0 0 0 0
T= 1.19
  X= -0.099332664 0.139379859 -0.0943130053 0.0764356424 -0.408471622 0.519133886 -0.746865808
  V= 0 0 0 0 0 0
T= 1.2
  X= -0.100725866 0.135427912 -0.095457531 0.079103595 -0.409308522 0.521491435 -0.744483605
  V= 0 0 0 0 0 0
T= 1.21
  X= -0.102166863 0.131829027 -0.0966612957 0.0810601593 -0.410510989 0.524954271 -0.741170015
  V= 0 0 0 0 0 0
T= 1.22
  X= -0.103346709 0.127920173 -0.0980348454 0.0838037845 -0.411318853 0.527078824 -0.738905704
  V= 0 0 0 0 0 0
T= 1.23
  X= -0.104263695 0.124496202 -0.0993401345 0.0853045546 -0.412101881 0.529650468 -0.73645472
  V= 0 0 0 0 0 0
T= 1.24
  X= -0.10508368 0.121226705 -0.100589446 0.0877970651 -0.412649905 0.532141052 -0.734055606
  V= 0 0 0 0 0 0
T= 1.25
  X= -0.105728861 0.118127987 -0.101707223 0.0897143831 -0.413559203 0.534946737 -0.731267464
  V= 0 0 0 0 0 0
T= 1.26
  X= -0.106273904 0.11516589 -0.10284013 0.0920507008 -0.412932827 0.537180784 -0.729691684
  V= 0 0 0 0 0 0
T= 1.27
  X= -0.106921309 0.112319474 -0.10381809 0.0945058412 -0.412658694 0.540120785 -0.727358911
  V= 0 0 0 0 0 0
T= 1.28
  X= -0.10764781 0.109991454 -0.104638532 0.0964404523 -0.412376745 0.544046776 -0.724332634
  V= 0 0 0 0 0 0
T= 1.29
  X= -0.108379934 0.107503477 -0.105453592 0.0986065362 -0.41208651 0.548249314 -0.721029922
  V= 0 0 0 0 0 0
T= 1.3
  X= -0.109055318 0.105363152 -0.106000379 0.100335851 -0.41296649 0.552241581 -0.717231226
  V= 0 0 0 0 0 0
T= 1.31
  X= -0.109660068 0.103014549 -0.106991856 0.10169952 -0.412331695 0.554658037 -0.71553773
  V= 0 0 0 0 0 0
T= 1.32
  X= -0.110242169 0.100675277 -0.107955875 0.102862244 -0.41227477 0.556965541 -0.713609318
  V= 0 0 0 0 0 0
T= 1.33
  X= -0.110952726 0.0982628583 -0.109018646 0.103662044 -0.412132806 0.558827075 -0.712118692
  V= 0 0 0 0 0 0
T= 1.34
  X= -0.111506509 0.0961737816 -0.109980117 0.103865995 -0.411872879 0.560798593 -0.710688065
  V= 0 0 0 0 0 0
T= 1.35
  X= -0.111989433 0.0942367566 -0.110860995 0.104967705 -0.411301966 0.562742029 -0.70931931
  V= 0 0 0 0 0 0
T= 1.36
  X= -0.11266603 0.0927277754 -0.111504705 0.106352388 -0.410927178 0.565830418 -0.706869127
  V= 0 0 0 0 0 0
T= 1.37
  X= -0.113313648 0.091040504 -0.112078431 0.108198868 -0.409888216 0.567779623 -0.705628057
  V= 0 0 0 0 0 0
T= 1.38
  X= -0.11382127 0.0901865862 -0.112361681 0.108243862 -0.410160168 0.569965103 -0.703698575
  V= 0 0 0 0 0 0
T= 1.39
  X= -0.114418711 0.0889008064 -0.112586238 0.110125424 -0.408681663 0.571725835 -0.702838003
  V= 0 0 0 0 0 0
T= 1.4
  X= -0.114880263 0.0881215487 -0.112347409 0.111617079 -0.409085666 0.573283592 -0.701096619
  V= 0 0 0 0 0 0
T= 1.41
  X= -0.115349766 0.087333683 -0.112150059 0.112758756 -0.409029546 0.57405921 -0.700311586
  V= 0 0 0 0 0 0
T= 1.42
  X= -0.115882112 0.0865401458 -0.112139371 0.113396642 -0.408054954 0.575246143 -0.699802994
  V= 0 0 0 0 0 0
T= 1.43
  X= -0.116380616 0.0856722938 -0.11209152 0.113953484 -0.408584754 0.57531703 -0.699344992
  V= 0 0 0 0 0 0
T= 1.44
  X= -0.116933216 0.0845522491 -0.112063433 0.114252436 -0.407809044 0.57573606 -0.699404142
  V= 0 0 0 0 0 0
T= 1.45
  X= -0.11751222 0.0836121368 -0.111490811 0.115125138 -0.408495589 0.576078575 -0.698577864
  V= 0 0 0 0 0 0
T= 1.46
  X= -0.118304611 0.0826537539 -0.11128974 0.116121974 -0.408011013 0.575549135 -0.699132244
  V= 0 0 0 0 0 0
T= 1.47
  X= -0.119066484 0.0814576732 -0.110844082 0.117296629 -0.408256773 0.57515998 -0.699112942
  V= 0 0 0 0 0 0
T= 1.48
  X= -0.119900658 0.0802638927 -0.110507902 0.118189371 -0.408954478 0.574669935 -0.698957777
  V= 0 0 0 0 0 0
T= 1.49
  X= -0.12062461 0.0791367058 -0.109920661 0.119423066 -0.408751543 0.574093099 -0.699340705
  V= 0 0 0 0 0 0
T= 1.5
  X= -0.121083347 0.0784968693 -0.109510885 0.120237875 -0.408841566 0.574269119 -0.699003867
  V= 0 0 0 0 0 0
T= 1.51
  X= -0.121291644 0.0780857432 -0.109386352 0.121179585 -0.408393497 0.574409828 -0.69898756
  V= 0 0 0 0 0 0
T= 1.52
  X= -0.12125371 0.077914445 -0.1092674 0.121977456 -0.408164793 0.574079247 -0.699253902
  V= 0 0 0 0 0 0
T= 1.53
  X= -0.121174649 0.077826533 -0.108959602 0.122932254 -0.408017953 0.573883469 -0.699333093
  V= 0 0 0 0 0 0
T= 1.54
  X= -0.120965231 0.0790608911 -0.108451295 0.123074159 -0.407720829 0.57552178 -0.698134054
  V= 0 0 0 0 0 0
T= 1.55
  X= -0.120916415 0.080950413 -0.107681236 0.125391563 -0.407086939 0.577404239 -0.696535372
  V= 0 0 0 0 0 0
T= 1.56
  X= -0.12045827 0.0836608956 -0.106976331 0.126672273 -0.406668143 0.580148691 -0.694264109
  V= 0 0 0 0 0 0
T= 1.57
  X= -0.119888791 0.0863659927 -0.10637827 0.127918986 -0.406303316 0.582724164 -0.692088793
  V= 0 0 0 0 0 0
T= 1.58
  X= -0.119168725 0.0897391953 -0.105419137 0.129427598 -0.406490235 0.585909318 -0.689002509
  V= 0 0 0 0 0 0
T= 1.59
  X= -0.118475282 0.0928706468 -0.104615087 0.130563293 -0.407245983 0.588673534 -0.685979159
  V= 0 0 0 0 0 0
T= 1.6
  X= -0.11781489 0.0953936505 -0.104180254 0.131948995 -0.406729264 0.589877453 -0.684985663
  V= 0 0 0 0 0 0
T= 1.61
  X= -0.117117013 0.0976851181 -0.103819105 0.132022978 -0.407459086 0.591852965 -0.682830209
  V= 0 0 0 0 0 0
T= 1.62
  X= -0.116674346 0.0988068749 -0.1038163 0.133004738 -0.407595069 0.592312876 -0.682159407
  V= 0 0 0 0 0 0
T= 1.63
  X= -0.116324361 0.0994445124 -0.103880277 0.133021677 -0.408200743 0.59248158 -0.681647243
  V= 0 0 0 0 0 0
T= 1.64
  X= -0.11607187 0.0996539972 -0.104177906 0.133164612 -0.407669787 0.59244246 -0.681971013
  V= 0 0 0 0 0 0
T= 1.65
  X= -0.116101961 0.0997482124 -0.104098877 0.133021677 -0.408200743 0.59248158 -0.681647243
  V= 0 0 0 0 0 0
T= 1.66
  X= -0.116091094 0.0992410852 -0.104182906 0.133598615 -0.408047033 0.591697141 -0.682307498
  V= 0 0 0 0 0 0
T= 1.67
  X= -0.115964938 0.0988320027 -0.104207682 0.133083682 -0.409499481 0.590829085 -0.682290188
  V= 0 0 0 0 0 0
T= 1.68
  X= -0.115973368 0.0975696592 -0.104552255 0.133228685 -0.409081706 0.588806765 -0.684257896
  V= 0 0 0 0 0 0
T= 1.69
  X= -0.116028708 0.0964283173 -0.104654794 0.132335894 -0.409790485 0.588162863 -0.684560747
  V= 0 0 0 0 0 0
T= 1.7
  X= -0.11627985 0.0945366987 -0.104760569 0.132399862 -0.409493508 0.585819376 -0.686732118
  V= 0 0 0 0 0 0
T= 1.71
  X= -0.116428871 0.0926589385 -0.105001461 0.131197119 -0.41038215 0.584406536 -0.687635665
  V= 0 0 0 0 0 0
T= 1.72
  X= -0.116695333 0.0897759961 -0.105527588 0.130418373 -0.41004342 0.581554513 -0.690398284
  V= 0 0 0 0 0 0
T= 1.73
  X= -0.117074423 0.0869804531 -0.106171948 0.129291558 -0.409569229 0.578437856 -0.693502983
  V= 0 0 0 0 0 0
T= 1.74
  X= -0.117759711 0.0840473885 -0.106493561 0.12887972 -0.409643397 0.575678811 -0.695827717
  V= 0 0 0 0 0 0
T= 1.75
  X= -0.118303801 0.081107257 -0.106929626 0.127877031 -0.409599601 0.573026745 -0.698223446
  V= 0 0 0 0 0 0
T= 1.76
  X= -0.118778312 0.0786676802 -0.107133774 0.126688308 -0.409793487 0.571580015 -0.699511012
  V= 0 0 0 0 0 0
T= 1.77
  X= -0.119167942 0.0762943075 -0.107286538 0.126628228 -0.409939142 0.569234173 -0.701347024
  V= 0 0 0 0 0 0
T= 1.78
  X= -0.119311458 0.0745655472 -0.107471064 0.126409316 -0.409275417 0.567740698 -0.7029828
  V= 0 0 0 0 0 0
T= 1.79
  X= -0.119478536 0.0741613344 -0.107310291 0.126370318 -0.409337376 0.567579704 -0.703083732
  V= 0 0 0 0 0 0
T= 1.8
  X= -0.119225583 0.0742438036 -0.107073018 0.126573218 -0.409303226 0.568698203 -0.70216269
  V= 0 0 0 0 0 0
T= 1.81
  X= -0.118948627 0.0749675658 -0.106312583 0.128275853 -0.408614599 0.569509278 -0.701597176
  V= 0 0 0 0 0 0
T= 1.82
  X= -0.118591969 0.0777632208 -0.104820734 0.130088468 -0.408397871 0.572823753 -0.698685278
  V= 0 0 0 0 0 0
T= 1.83
  X= -0.11781226 0.0822117944 -0.102973454 0.132202859 -0.408307646 0.57822905 -0.693872061
  V= 0 0 0 0 0 0
T= 1.84
  X= -0.116464973 0.0868990252 -0.100984644 0.134387347 -0.408746644 0.582919028 -0.6892544
  V= 0 0 0 0 0 0
T= 1.85
  X= -0.114390281 0.0941111917 -0.0984168261 0.138057407 -0.407827809 0.589720232 -0.683261793
  V= 0 0 0 0 0 0
T= 1.86
  X= -0.11189267 0.101628239 -0.0956460832 0.141551563 -0.405910383 0.596296721 -0.677960277
  V= 0 0 0 0 0 0
T= 1.87
  X= -0.10885765 0.11062529 -0.0924679597 0.1430562 -0.405749461 0.598223294 -0.67604082
  V= 0 0 0 0 0 0
T= 1.88
  X= -0.104755797 0.120886348 -0.0892070499 0.141604483 -0.406534034 0.601141223 -0.673281129
  V= 0 0 0 0 0 0
T= 1.89
  X= -0.100527613 0.130228004 -0.0866801595 0.139644003 -0.407280929 0.601405278 -0.673003335
  V= 0 0 0 0 0 0
T= 1.9
  X= -0.0961859219 0.13874903 -0.0845445968 0.136608784 -0.407987814 0.600610569 -0.673907211
  V= 0 0 0 0 0 0
T= 1.91
  X= -0.091255264 0.14782994 -0.0823441366 0.132965718 -0.408189827 0.600446704 -0.674659128
  V= 0 0 0 0 0 0
T= 1.92
  X= -0.0868938324 0.155419688 -0.0805982697 0.130072405 -0.408639598 0.599310817 -0.675959609
  V= 0 0 0 0 0 0
T= 1.93
  X= -0.0821462286 0.163250916 -0.0792501671 0.126507382 -0.407437169 0.596514913 -0.679824091
  V= 0 0 0 0 0 0
T= 1.94
  X= -0.0770867372 0.170785335 -0.0779681579 0.123626015 -0.405488371 0.592880405 -0.684681396
  V= 0 0 0 0 0 0
T= 1.95
  X= -0.0718847916 0.177855789 -0.0765718451 0.119726018 -0.403635919 0.589265433 -0.689572313
  V= 0 0 0 0 0 0
T= 1.96
  X= -0.0666562087 0.183743191 -0.0749297133 0.117364558 -0.402586008 0.584159458 -0.694915674
  V= 0 0 0 0 0 0
T= 1.97
  X= -0.061552011 0.18814192 -0.0735968411 0.116789745 -0.399169012 0.576025711 -0.703717725
  V= 0 0 0 0 0 0
T= 1.98
  X= -0.0567453764 0.191519819 -0.0727887789 0.117550592 -0.394629274 0.568641741 -0.712106849
  V= 0 0 0 0 0 0
T= 1.99
  X= -0.0524585727 0.192859274 -0.0723312273 0.122074428 -0.387466963 0.558121225 -0.723510805
  V= 0 0 0 0 0 0
T= 2
  X= -0.0490873686 0.193398105 -0.071834008 0.127636991 -0.380399604 0.549381227 -0.732929197
  V= 0 0 0 0 0 0
T= 2.01
  X= -0.0464939575 0.192674755 -0.0712858187 0.136579882 -0.371986078 0.538010605 -0.743987152
  V= 0 0 0 0 0 0
T= 2.02
  X= -0.0445400251 0.192764904 -0.0699319981 0.147553067 -0.36420084 0.529108563 -0.752083752
  V= 0 0 0 0 0 0
T= 2.03
  X= -0.0430470732 0.192885604 -0.0682457088 0.159476082 -0.355149103 0.519855875 -0.760385668
  V= 0 0 0 0 0 0
T= 2.04
  X= -0.0423280324 0.19436564 -0.0650473106 0.172626816 -0.348681774 0.507821963 -0.768594728
  V= 0 0 0 0 0 0
T= 2.05
  X= -0.0421293811 0.196141096 -0.0619370275 0.183763997 -0.344829677 0.493679414 -0.776919509
  V= 0 0 0 0 0 0
T= 2.06
  X= -0.0418636311 0.198357184 -0.0587439163 0.194239466 -0.342802346 0.479973071 -0.783826149
  V= 0 0 0 0 0 0
T= 2.07
  X= -0.0414072418 0.199474249 -0.0560027368 0.206737121 -0.340751491 0.465620156 -0.790155716
  V= 0 0 0 0 0 0
T= 2.08
  X= -0.0407504757 0.199292309 -0.0549305181 0.217142539 -0.336479609 0.453677215 -0.796120327
  V= 0 0 0 0 0 0
T= 2.09
  X= -0.0398396303 0.198843584 -0.0545706794 0.227450987 -0.330564141 0.443215904 -0.801594074
  V= 0 0 0 0 0 0
T= 2.1
  X= -0.0391488577 0.198215821 -0.0548372715 0.23784855 -0.323849054 0.433915543 -0.806391443
  V= 0 0 0 0 0 0
T= 2.11
  X= -0.0382842727 0.197798413 -0.0556735928 0.248391705 -0.315192952 0.426333078 -0.810675688
  V= 0 0 0 0 0 0
T= 2.12
  X= -0.0375839446 0.197404634 -0.057282062 0.260353721 -0.304020772 0.418159153 -0.815432544
  V= 0 0 0 0 0 0
T= 2.13
  X= -0.0371667439 0.197215605 -0.0589060697 0.273641437 -0.29122803 0.410638111 -0.819562652
  V= 0 0 0 0 0 0
T= 2.14
  X= -0.0364411911 0.19764856 -0.0601051095 0.287374082 -0.277486557 0.404966654 -0.822447176
  V= 0 0 0 0 0 0
T= 2.15
  X= -0.0358684706 0.197622206 -0.0602872325 0.297523566 -0.268139917 0.399923948 -0.824403753
  V= 0 0 0 0 0 0
T= 2.16
  X= -0.0346273698 0.196764994 -0.0604510348 0.306955161 -0.256218862 0.394511244 -0.827339895
  V= 0 0 0 0 0 0
T= 2.17
  X= -0.0330685672 0.194248845 -0.0604829079 0.31548302 -0.244324834 0.385942381 -0.831759772
  V= 0 0 0 0 0 0
T= 2.18
  X= -0.0309556146 0.190607396 -0.0605640407 0.324999613 -0.229747466 0.374676173 -0.837382301
  V= 0 0 0 0 0 0
T= 2.19
  X= -0.0291633098 0.187324962 -0.0607133442 0.333464483 -0.215597003 0.365346499 -0.841927138
  V= 0 0 0 0 0 0
T= 2.2
  X= -0.0277534889 0.184279564 -0.0611541863 0.34246515 -0.199833905 0.355460892 -0.846422817
  V= 0 0 0 0 0 0
T= 2.21
  X= -0.0263427598 0.181496917 -0.0614692616 0.351999825 -0.183405058 0.345453465 -0.850364987
  V= 0 0 0 0 0 0
T= 2.22
  X= -0.0251134657 0.178989005 -0.0613658493 0.360217705 -0.169574493 0.337046514 -0.85316314
  V= 0 0 0 0 0 0
T= 2.23
  X= -0.0238205059 0.176182915 -0.0610679696 0.368027715 -0.156748694 0.328237692 -0.855713425
  V= 0 0 0 0 0 0
T= 2.24
  X= -0.0224125767 0.173203381 -0.0606307371 0.375933903 -0.143493083 0.318836194 -0.858153201
  V= 0 0 0 0 0 0
T= 2.25
  X= -0.0212616916 0.169608275 -0.0603659394 0.383214911 -0.131278083 0.308428663 -0.860688188
  V= 0 0 0 0 0 0
T= 2.26
  X= -0.0203844747 0.166365124 -0.0598542176 0.390511062 -0.120156865 0.298919033 -0.862386717
  V= 0 0 0 0 0 0
T= 2.27
  X= -0.0199168798 0.164109176 -0.0591334009 0.397441512 -0.111323134 0.292234848 -0.862697049
  V= 0 0 0 0 0 0
T= 2.28
  X= -0.0197326461 0.162032733 -0.0580337129 0.405603492 -0.102169431 0.285734491 -0.86220822
  V= 0 0 0 0 0 0
T= 2.29
  X= -0.0193535163 0.160788676 -0.0570726791 0.412896755 -0.0940261886 0.28102373 -0.861220651
  V= 0 0 0 0 0 0
T= 2.3
  X= -0.0192409836 0.159631528 -0.0563859956 0.418361155 -0.0869144184 0.276675663 -0.860738291
  V= 0 0 0 0 0 0
T= 2.31
  X= -0.0192882402 0.158446486 -0.0560475835 0.423205996 -0.080793363 0.272823664 -0.860195539
  V= 0 0 0 0 0 0
T= 2.32
  X= -0.0194888434 0.157458495 -0.056340656 0.425388599 -0.0755421049 0.270131433 -0.860445779
  V= 0 0 0 0 0 0
T= 2.33
  X= -0.0199561427 0.156331394 -0.0564473637 0.428083791 -0.0713449324 0.267759942 -0.860208569
  V= 0 0 0 0 0 0
T= 2.34
  X= -0.0207871002 0.155305035 -0.0563551299 0.430259109 -0.0682718803 0.265690376 -0.860014345
  V= 0 0 0 0 0 0
T= 2.35
  X= -0.0215272636 0.154492122 -0.0562131475 0.431978765 -0.066128731 0.26473067 -0.859615618
  V= 0 0 0 0 0 0
T= 2.36
  X= -0.0224909486 0.153984597 -0.0561471822 0.432091819 -0.0652801561 0.26565049 -0.85933985
  V= 0 0 0 0 0 0
T= 2.37
  X= -0.0231361299 0.15300596 -0.0554920929 0.433978179 -0.0661485131 0.263275983 -0.85905359
  V= 0 0 0 0 0 0
T= 2.38
  X= -0.0237808765 0.152453015 -0.0553018085 0.433984092 -0.0676721178 0.261910274 -0.859349347
  V= 0 0 0 0 0 0
T= 2.39
  X= -0.0241317794 0.152100728 -0.0550118671 0.434228264 -0.0695573819 0.260474774 -0.859511767
  V= 0 0 0 0 0 0
T= 2.4
  X= -0.0248265481 0.152096281 -0.0548274824 0.434063368 -0.0721410455 0.260065914 -0.859505894
  V= 0 0 0 0 0 0
T= 2.41
  X= -0.0252549818 0.152172958 -0.054719253 0.433038351 -0.0739822379 0.260039756 -0.859874258
  V= 0 0 0 0 0 0
T= 2.42
  X= -0.0258349281 0.152076137 -0.0545077415 0.432692332 -0.0758151596 0.259230896 -0.860132984
  V= 0 0 0 0 0 0
T= 2.43
  X= -0.0265220046 0.151614693 -0.0545505269 0.430960176 -0.0775450985 0.258374356 -0.861105555
  V= 0 0 0 0 0 0
T= 2.44
  X= -0.0270719654 0.150911701 -0.0544530536 0.429184575 -0.0798087239 0.258484302 -0.861752304
  V= 0 0 0 0 0 0
T= 2.45
  X= -0.0277481716 0.150327739 -0.0543649897 0.428332667 -0.0808837319 0.25839725 -0.862101972
  V= 0 0 0 0 0 0
T= 2.46
  X= -0.0285073066 0.149781753 -0.0541592645 0.427561747 -0.0822397704 0.257868314 -0.86251464
  V= 0 0 0 0 0 0
T= 2.47
  X= -0.0291539517 0.149302313 -0.0539497223 0.427290876 -0.0829005164 0.257650406 -0.862650729
  V= 0 0 0 0 0 0
T= 2.48
  X= -0.0297608255 0.148551414 -0.0538952432 0.426909956 -0.0834860667 0.255832852 -0.86332353
  V= 0 0 0 0 0 0
T= 2.49
  X= -0.0302619398 0.147678421 -0.0538739211 0.425576342 -0.0840593331 0.254562202 -0.864301389
  V= 0 0 0 0 0 0
T= 2.5
  X= -0.0308545922 0.146437566 -0.053842726 0.424766779 -0.0840648779 0.253381637 -0.865045679
  V= 0 0 0 0 0 0
T= 2.51
  X= -0.0312215029 0.145218955 -0.053541084 0.42486172 -0.0836722693 0.251092189 -0.865704443
  V= 0 0 0 0 0 0
T= 2.52
  X= -0.0315531144 0.144353619 -0.053335855 0.424140709 -0.0834522865 0.250599199 -0.866221921
  V= 0 0 0 0 0 0
T= 2.53
  X= -0.0320959735 0.143442016 -0.053194457 0.42371487 -0.0827237797 0.249494508 -0.866818883
  V= 0 0 0 0 0 0
T= 2.54
  X= -0.0327699748 0.142313681 -0.0526290658 0.423867822 -0.0822298016 0.248893653 -0.866963828
  V= 0 0 0 0 0 0
T= 2.55
  X= -0.0330846274 0.141273382 -0.0521418095 0.424338539 -0.0817511896 0.247304954 -0.867233422
  V= 0 0 0 0 0 0
T= 2.56
  X= -0.0333318686 0.139878491 -0.051729291 0.423983879 -0.0806425156 0.245886456 -0.867913766
  V= 0 0 0 0 0 0
T= 2.57
  X= -0.0333643867 0.138196748 -0.0514714018 0.424014799 -0.0793942146 0.243812934 -0.868598447
  V= 0 0 0 0 0 0
T= 2.58
  X= -0.033402471 0.136759179 -0.0512039897 0.424312912 -0.0781575589 0.241975501 -0.869078711
  V= 0 0 0 0 0 0
T= 2.59
  X= -0.0334439436 0.135120335 -0.0508793682 0.425664539 -0.0761863454 0.239583079 -0.869255595
  V= 0 0 0 0 0 0
T= 2.6
  X= -0.0335908025 0.133533095 -0.0504210358 0.427624718 -0.0745347008 0.237358452 -0.869046975
  V= 0 0 0 0 0 0
T= 2.61
  X= -0.0335709708 0.132233738 -0.0502093318 0.42757084 -0.0729590146 0.23560895 -0.869683035
  V= 0 0 0 0 0 0
T= 2.62
  X= -0.0335678312 0.13090554 -0.0498222495 0.428440781 -0.0712723638 0.233679521 -0.8699153
  V= 0 0 0 0 0 0
T= 2.63
  X= -0.0336238458 0.129365378 -0.0494616532 0.429868493 -0.0695400086 0.230877259 -0.870099395
  V= 0 0 0 0 0 0
T= 2.64
  X= -0.0336368513 0.128007111 -0.0493091447 0.430591142 -0.0673687249 0.229489515 -0.870280004
  V= 0 0 0 0 0 0
T= 2.65
  X= -0.033587726 0.126544138 -0.0492232338 0.430650149 -0.0651327883 0.227386054 -0.870972876
  V= 0 0 0 0 0 0
T= 2.66
  X= -0.0336651667 0.124975907 -0.0489762497 0.431185933 -0.063205559 0.225335525 -0.871382608
  V= 0 0 0 0 0 0
T= 2.67
  X= -0.0338405686 0.123379401 -0.0486237856 0.432679572 -0.0618987883 0.223395018 -0.871235671
  V= 0 0 0 0 0 0
T= 2.68
  X= -0.0339816396 0.121450539 -0.0479712506 0.434784994 -0.0596846363 0.220791645 -0.871005627
  V= 0 0 0 0 0 0
T= 2.69
  X= -0.0344472772 0.120049116 -0.0475706893 0.436279493 -0.0595714475 0.219713852 -0.870538494
  V= 0 0 0 0 0 0
T= 2.7
  X= -0.0346090361 0.118852815 -0.0472260652 0.43817636 -0.0582722192 0.218148415 -0.870067293
  V= 0 0 0 0 0 0
T= 2.71
  X= -0.0350102661 0.117740983 -0.0468962265 0.439424745 -0.0581443112 0.216701628 -0.869807759
  V= 0 0 0 0 0 0
T= 2.72
  X= -0.0352493667 0.116289399 -0.0469476046 0.439279895 -0.0575034869 0.216076841 -0.870078917
  V= 0 0 0 0 0 0
T= 2.73
  X= -0.0354682092 0.114991837 -0.0470260062 0.439234776 -0.0571557571 0.215011044 -0.870388581
  V= 0 0 0 0 0 0
T= 2.74
  X= -0.0355327866 0.113203469 -0.0470516189 0.438690139 -0.0569110478 0.213398559 -0.871075857
  V= 0 0 0 0 0 0
T= 2.75
  X= -0.0358518231 0.111553035 -0.0470040025 0.438856964 -0.0568247521 0.212161804 -0.871299536
  V= 0 0 0 0 0 0
T= 2.76
  X= -0.0363897264 0.109944766 -0.0469310379 0.439602899 -0.0568779546 0.211187107 -0.871156814
  V= 0 0 0 0 0 0
T= 2.77
  X= -0.0369320528 0.108054968 -0.0465887241 0.440258846 -0.0570835176 0.210008455 -0.871097049
  V= 0 0 0 0 0 0
T= 2.78
  X= -0.0373474265 0.106317725 -0.0465806738 0.439993671 -0.0574169026 0.208979598 -0.87145648
  V= 0 0 0 0 0 0
T= 2.79
  X= -0.0378629942 0.1042674 -0.0461920934 0.44060846 -0.0585168193 0.207851854 -0.871342397
  V= 0 0 0 0 0 0
T= 2.8
  X= -0.0382828522 0.102415793 -0.0459217695 0.440876736 -0.0593241629 0.206780284 -0.871407059
  V= 0 0 0 0 0 0
T= 2.81
  X= -0.0388304344 0.100581462 -0.0457472591 0.441591462 -0.0602510181 0.205849472 -0.871201923
  V= 0 0 0 0 0 0
T= 2.82
  X= -0.0392433784 0.0984255149 -0.0451489853 0.443436998 -0.0607141019 0.204260869 -0.870606067
  V= 0 0 0 0 0 0
T= 2.83
  X= -0.0398356039 0.0972221677 -0.0448123511 0.444048733 -0.0623575749 0.203510006 -0.870353912
  V= 0 0 0 0 0 0
T= 2.84
  X= -0.0402679282 0.0959208637 -0.0446015687 0.444815475 -0.0620068535 0.20329403 -0.870037862
  V= 0 0 0 0 0 0
T= 2.85
  X= -0.0413335607 0.0918001213 -0.04686789 0.441464328 -0.0599649673 0.200714682 -0.872483275
  V= 0 0 0 0 0 0
T= 2.86
  X= -0.0416301497 0.0902336229 -0.0488225847 0.439644792 -0.0585622199 0.199534981 -0.873766968
  V= 0 0 0 0 0 0
T= 2.87
  X= -0.0418514653 0.0886366718 -0.0506966031 0.43910706 -0.0572710609 0.198162386 -0.874435066
  V= 0 0 0 0 0 0
T= 2.88
  X= -0.0423002374 0.0867206211 -0.0528465026 0.437641436 -0.0543209007 0.196537797 -0.875723762
  V= 0 0 0 0 0 0
T= 2.89
  X= -0.0429465694 0.0850700081 -0.0552238412 0.434797023 -0.0525037405 0.195714946 -0.877434081
  V= 0 0 0 0 0 0
T= 2.9
  X= -0.0433047527 0.0829150315 -0.0572814736 0.432423703 -0.0507840816 0.194111386 -0.879062846
  V= 0 0 0 0 0 0
T= 2.91
  X= -0.0438176023 0.080314101 -0.0592934599 0.429356308 -0.0494687921 0.192415738 -0.881012022
  V= 0 0 0 0 0 0
T= 2.92
  X= -0.0441675206 0.0776237985 -0.0608373688 0.427300953 -0.0483378905 0.190422296 -0.882505917
  V= 0 0 0 0 0 0
T= 2.93
  X= -0.0451966004 0.0746901963 -0.0624286751 0.42533642 -0.0474372133 0.189009638 -0.883806538
  V= 0 0 0 0 0 0
T= 2.94
  X= -0.0461249477 0.0715215993 -0.063564408 0.424645619 -0.0460362671 0.187130121 -0.884612389
  V= 0 0 0 0 0 0
T= 2.95
  X= -0.0471344415 0.0690537884 -0.0641941462 0.423795934 -0.0460122842 0.186184402 -0.88522045
  V= 0 0 0 0 0 0
T= 2.96
  X= -0.0485978566 0.0662197419 -0.0646728655 0.424557597 -0.0450524089 0.185205584 -0.885110173
  V= 0 0 0 0 0 0
T= 2.97
  X= -0.0503150076 0.0637151615 -0.0650097122 0.425900477 -0.0452246888 0.184349892 -0.884634743
  V= 0 0 0 0 0 0
T= 2.98
  X= -0.051615612 0.0613822474 -0.0653718184 0.426389255 -0.0446196296 0.184327854 -0.884434585
  V= 0 0 0 0 0 0
T= 2.99
  X= -0.0527439778 0.0593361977 -0.065620008 0.426768081 -0.0451753821 0.183934919 -0.884305454
  V= 0 0 0 0 0 0
T= 3
  X= -0.0538584261 0.0576825577 -0.0659659707 0.427803713 -0.0451223839 0.18374392 -0.883847343
  V= 0 0 0 0 0 0
T= 3.01
  X= -0.0550220661 0.0564422023 -0.0667448245 0.428034699 -0.044171527 0.183854911 -0.883760456
  V= 0 0 0 0 0 0
T= 3.02
  X= -0.056044276 0.0556013881 -0.0677725053 0.427220213 -0.044123271 0.184300932 -0.884064021
  V= 0 0 0 0 0 0
T= 3.03
  X= -0.056724469 0.0546265549 -0.0685557376 0.427144177 -0.0441957473 0.184258919 -0.884105898
  V= 0 0 0 0 0 0
T= 3.04
  X= -0.0576068698 0.0536560327 -0.069903321 0.42515027 -0.0442785843 0.184491685 -0.885013826
  V= 0 0 0 0 0 0
T= 3.05
  X= -0.0585415542 0.0523827817 -0.0705464436 0.424654821 -0.0448331901 0.184544857 -0.885212666
  V= 0 0 0 0 0 0
T= 3.06
  X= -0.0590943896 0.051336625 -0.0710841621 0.424552594 -0.0443100946 0.184222828 -0.885355104
  V= 0 0 0 0 0 0
T= 3.07
  X= -0.0599462679 0.0502705009 -0.0718273017 0.423693828 -0.044599124 0.18432781 -0.885730047
  V= 0 0 0 0 0 0
T= 3.08
  X= -0.0608779079 0.0492239693 -0.0726190012 0.423409859 -0.0459617782 0.184645713 -0.885729963
  V= 0 0 0 0 0 0
T= 3.09
  X= -0.0616223772 0.0481524519 -0.0737069087 0.422759896 -0.046306878 0.184620664 -0.886027626
  V= 0 0 0 0 0 0
T= 3.1
  X= -0.0621514871 0.046918084 -0.0747976849 0.421895283 -0.0467754791 0.184241833 -0.886493865
  V= 0 0 0 0 0 0
T= 3.11
  X= -0.0624642463 0.0455205487 -0.0758915782 0.420818821 -0.0473669611 0.183507134 -0.887126272
  V= 0 0 0 0 0 0
T= 3.12
  X= -0.0628316089 0.0440817238 -0.0768497985 0.420555623 -0.0467971742 0.182662231 -0.887455634
  V= 0 0 0 0 0 0
T= 3.13
  X= -0.0635168738 0.0431078514 -0.077523446 0.420255788 -0.0475640922 0.182677266 -0.887553799
  V= 0 0 0 0 0 0
T= 3.14
  X= -0.0641704391 0.0420115882 -0.0780703511 0.420752526 -0.0481046412 0.182525245 -0.887320568
  V= 0 0 0 0 0 0
T= 3.15
  X= -0.064667165 0.0409877903 -0.0785562951 0.421258432 -0.0490953966 0.181714462 -0.887192668
  V= 0 0 0 0 0 0
T= 3.16
  X= -0.0648644568 0.0400006832 -0.0793773332 0.421045687 -0.0494607288 0.181148691 -0.887389045
  V= 0 0 0 0 0 0
T= 3.17
  X= -0.0650585872 0.039169109 -0.0801979206 0.420995403 -0.0495859625 0.181273532 -0.88738042
  V= 0 0 0 0 0 0
T= 3.18
  X= -0.0653301617 0.0384756273 -0.081171434 0.420505794 -0.0495349069 0.180986719 -0.887673914
  V= 0 0 0 0 0 0
T= 3.19
  X= -0.0657267768 0.0378089166 -0.0819944789 0.420611549 -0.0500752457 0.180313794 -0.887730438
  V= 0 0 0 0 0 0
T= 3.2
  X= -0.0661901291 0.037251505 -0.0830482228 0.419570853 -0.0508053679 0.180986644 -0.888044452
  V= 0 0 0 0 0 0
T= 3.21
  X= -0.0662282826 0.0361010091 -0.0842475298 0.418963983 -0.0508874447 0.180080861 -0.888510288
  V= 0 0 0 0 0 0
T= 3.22
  X= -0.0662865403 0.0350760368 -0.0855775818 0.417568422 -0.0512025765 0.179307093 -0.889305277
  V= 0 0 0 0 0 0
T= 3.23
  X= -0.0665584447 0.0339262425 -0.0868853065 0.416642839 -0.0516256936 0.178662334 -0.889844538
  V= 0 0 0 0 0 0
T= 3.24
  X= -0.0667800208 0.0327913985 -0.0880949404 0.416141851 -0.0515485988 0.177944465 -0.890227201
  V= 0 0 0 0 0 0
T= 3.25
  X= -0.0672969617 0.0316162732 -0.0889742773 0.416362538 -0.0520898311 0.1769706 -0.890286635
  V= 0 0 0 0 0 0
T= 3.26
  X= -0.0676382612 0.0303481771 -0.0898261287 0.416031576 -0.0522214924 0.176285752 -0.890569468
  V= 0 0 0 0 0 0
T= 3.27
  X= -0.0682645328 0.0288245258 -0.0913255542 0.414519085 -0.0527366796 0.175680959 -0.891363546
  V= 0 0 0 0 0 0
T= 3.28
  X= -0.0687734641 0.0271192028 -0.0924199788 0.414262119 -0.0526877879 0.174798167 -0.891659405
  V= 0 0 0 0 0 0
T= 3.29
  X= -0.0695734764 0.0259374012 -0.0932713107 0.413990336 -0.0537582389 0.175282109 -0.891626735
  V= 0 0 0 0 0 0
T= 3.3
  X= -0.0701989392 0.024779333 -0.0937991379 0.41451807 -0.0545351267 0.174445262 -0.89149848
  V= 0 0 0 0 0 0
T= 3.31
  X= -0.0709323866 0.023874629 -0.0946493791 0.413619558 -0.0560710772 0.175070217 -0.891697995
  V= 0 0 0 0 0 0
T= 3.32
  X= -0.0711913478 0.0223870793 -0.0953442995 0.413237591 -0.0563400015 0.174106432 -0.892046774
  V= 0 0 0 0 0 0
T= 3.33
  X= -0.0716115884 0.0209950612 -0.0960721444 0.413413505 -0.0570092281 0.172836731 -0.892169651
  V= 0 0 0 0 0 0
T= 3.34
  X= -0.0719363391 0.0198914418 -0.0966946016 0.413404446 -0.0573738284 0.172267849 -0.892260498
  V= 0 0 0 0 0 0
T= 3.35
  X= -0.0725195004 0.0190849387 -0.0974089903 0.413350558 -0.0578996105 0.172783761 -0.892151738
  V= 0 0 0 0 0 0
T= 3.36
  X= -0.0730788303 0.0185935333 -0.0980089273 0.413913188 -0.0582514902 0.172972618 -0.891831324
  V= 0 0 0 0 0 0
T= 3.37
  X= -0.073620403 0.0180303146 -0.0987396428 0.414412311 -0.0596298801 0.172520834 -0.891595915
  V= 0 0 0 0 0 0
T= 3.38
  X= -0.0737638306 0.017438045 -0.0995533404 0.414151208 -0.0597710206 0.172154856 -0.891778508
  V= 0 0 0 0 0 0
T= 3.39
  X= -0.0738341671 0.0164823769 -0.100414895 0.414077348 -0.0598287237 0.171989948 -0.891840755
  V= 0 0 0 0 0 0
T= 3.4
  X= -0.074084511 0.0157300197 -0.101465573 0.413220542 -0.0605220472 0.171005186 -0.892380576
  V= 0 0 0 0 0 0
T= 3.41
  X= -0.0744610991 0.0142686945 -0.102960871 0.413105644 -0.0610481262 0.17014843 -0.892561687
  V= 0 0 0 0 0 0
T= 3.42
  X= -0.0748578314 0.0137689464 -0.103409341 0.413343475 -0.0622733032 0.170145386 -0.8923675
  V= 0 0 0 0 0 0
T= 3.43
  X= -0.0750647223 0.0132028869 -0.103695569 0.41394924 -0.062870341 0.170477268 -0.891981417
  V= 0 0 0 0 0 0
T= 3.44
  X= -0.0751137189 0.0126951904 -0.103945066 0.414005412 -0.0638920136 0.169532581 -0.892062797
  V= 0 0 0 0 0 0
T= 3.45
  X= -0.0752820993 0.0121772632 -0.104421016 0.413704275 -0.0647123751 0.169811424 -0.892090333
  V= 0 0 0 0 0 0
T= 3.46
  X= -0.0752945889 0.0113018772 -0.104784873 0.413782559 -0.0649278688 0.16852687 -0.89228194
  V= 0 0 0 0 0 0
T= 3.47
  X= -0.0756772083 0.0110434878 -0.104682734 0.414855922 -0.0661165128 0.168747665 -0.891654303
  V= 0 0 0 0 0 0
T= 3.48
  X= -0.0759467199 0.0108368072 -0.104609188 0.415325165 -0.0662198444 0.168879779 -0.891403141
  V= 0 0 0 0 0 0
T= 3.49
  X= -0.0762708739 0.0107881815 -0.104587877 0.416008729 -0.0671591668 0.169192592 -0.890954685
  V= 0 0 0 0 0 0
T= 3.5
  X= -0.0763712393 0.0108544724 -0.104621089 0.41571997 -0.0677086566 0.169328627 -0.891022031
  V= 0 0 0 0 0 0
T= 3.51
  X= -0.0765265384 0.010797184 -0.104657816 0.416188571 -0.0678121847 0.16945948 -0.89077049
  V= 0 0 0 0 0 0
T= 3.52
  X= -0.0765948372 0.0107399276 -0.104566093 0.416692403 -0.068099006 0.169504451 -0.890504468
  V= 0 0 0 0 0 0
T= 3.53
  X= -0.0768822815 0.0108727767 -0.104760656 0.416078892 -0.0690150317 0.169859499 -0.890653149
  V= 0 0 0 0 0 0
T= 3.54
  X= -0.0771507452 0.0109490044 -0.104734836 0.416001798 -0.0704011656 0.170172375 -0.890520939
  V= 0 0 0 0 0 0
T= 3.55
  X= -0.0774277693 0.0114457106 -0.104751967 0.415310148 -0.0710573314 0.171389142 -0.890558307
  V= 0 0 0 0 0 0
T= 3.56
  X= -0.0779966621 0.0119563371 -0.104589658 0.414853878 -0.0731161489 0.171787884 -0.890527491
  V= 0 0 0 0 0 0
T= 3.57
  X= -0.0783405622 0.0123981313 -0.104514787 0.414616292 -0.0743229097 0.172480858 -0.890404284
  V= 0 0 0 0 0 0
T= 3.58
  X= -0.0789985711 0.0126933345 -0.104365732 0.414179379 -0.0768783663 0.173342633 -0.890223281
  V= 0 0 0 0 0 0
T= 3.59
  X= -0.0795657513 0.0130747721 -0.104174318 0.414145357 -0.0789210495 0.174208403 -0.889891299
  V= 0 0 0 0 0 0
T= 3.6
  X= -0.0803298142 0.013776734 -0.103878089 0.414823125 -0.0803761732 0.175591031 -0.889173344
  V= 0 0 0 0 0 0
T= 3.61
  X= -0.0815616928 0.0153577774 -0.103438126 0.414697192 -0.0825930251 0.178165401 -0.888516584
  V= 0 0 0 0 0 0
T= 3.62
  X= -0.0828365269 0.017195962 -0.103144099 0.415134128 -0.0849450457 0.181011709 -0.887514933
  V= 0 0 0 0 0 0
T= 3.63
  X= -0.083939195 0.0187960261 -0.103140566 0.414860186 -0.0874282222 0.183999956 -0.886787093
  V= 0 0 0 0 0 0
T= 3.64
  X= -0.0847202867 0.020347425 -0.103718167 0.412857754 -0.0907889958 0.185954497 -0.886976188
  V= 0 0 0 0 0 0
T= 3.65
  X= -0.0850472106 0.021468869 -0.103801878 0.412066654 -0.0925941774 0.186630193 -0.887015537
  V= 0 0 0 0 0 0
T= 3.66
  X= -0.0856592617 0.0226707232 -0.10364032 0.410933064 -0.0951704604 0.188779712 -0.886813859
  V= 0 0 0 0 0 0
T= 3.67
  X= -0.0865740786 0.0240556437 -0.103278102 0.410441187 -0.0974115989 0.190892183 -0.886345975
  V= 0 0 0 0 0 0
T= 3.68
  X= -0.0876630177 0.0253822542 -0.102746447 0.409985372 -0.0999387832 0.192589791 -0.885908238
  V= 0 0 0 0 0 0
T= 3.69
  X= -0.0882813547 0.0263793472 -0.102446581 0.409072398 -0.102212363 0.194056327 -0.885750839
  V= 0 0 0 0 0 0
T= 3.7
  X= -0.0886124354 0.0272694233 -0.102228934 0.407478735 -0.104294825 0.195135027 -0.886005639
  V= 0 0 0 0 0 0
T= 3.71
  X= -0.0890025899 0.0280335362 -0.102022597 0.406645267 -0.105953493 0.196182919 -0.885960353
  V= 0 0 0 0 0 0
T= 3.72
  X= -0.089641175 0.028918518 -0.101646953 0.406901888 -0.107285077 0.197628405 -0.885360819
  V= 0 0 0 0 0 0
T= 3.73
  X= -0.0902662161 0.029786609 -0.101310837 0.406660253 -0.108310901 0.199058195 -0.885026566
  V= 0 0 0 0 0 0
T= 3.74
  X= -0.0906518492 0.0302642973 -0.101077163 0.406164367 -0.10993949 0.200408852 -0.884748613
  V= 0 0 0 0 0 0
T= 3.75
  X= -0.0908209088 0.0306571786 -0.100932019 0.405728183 -0.111517015 0.200339725 -0.88476697
  V= 0 0 0 0 0 0
T= 3.76
  X= -0.0912155999 0.0311579144 -0.100659053 0.405650189 -0.113706462 0.201141517 -0.884342046
  V= 0 0 0 0 0 0
T= 3.77
  X= -0.0915337251 0.0318496332 -0.100512771 0.404691654 -0.115316122 0.202059399 -0.884363532
  V= 0 0 0 0 0 0
T= 3.78
  X= -0.0919048942 0.0325777533 -0.100375356 0.404293723 -0.118039431 0.203005147 -0.883969563
  V= 0 0 0 0 0 0
T= 3.79
  X= -0.0921182245 0.0331460606 -0.100271163 0.404174842 -0.119936982 0.204222886 -0.883487878
  V= 0 0 0 0 0 0
T= 3.8
  X= -0.0923401033 0.0337473827 -0.100433215 0.402951077 -0.121298619 0.204936671 -0.883695669
  V= 0 0 0 0 0 0
T= 3.81
  X= -0.0925373319 0.0341394561 -0.100368955 0.402074366 -0.123373121 0.204867724 -0.88382379
  V= 0 0 0 0 0 0
T= 3.82
  X= -0.092797393 0.0344020516 -0.100319903 0.40204041 -0.12477978 0.205310632 -0.88353894
  V= 0 0 0 0 0 0
T= 3.83
  X= -0.0932052198 0.0349648842 -0.100269967 0.401408363 -0.126473292 0.206182308 -0.883382527
  V= 0 0 0 0 0 0
T= 3.84
  X= -0.0936120102 0.0355297892 -0.100219356 0.400856602 -0.127908964 0.207619 -0.883089822
  V= 0 0 0 0 0 0
T= 3.85
  X= -0.0938956352 0.0359256122 -0.100286756 0.399924789 -0.129797476 0.207631973 -0.883233685
  V= 0 0 0 0 0 0
T= 3.86
  X= -0.0940021725 0.0361832551 -0.100268597 0.400286629 -0.130413299 0.208490721 -0.882776645
  V= 0 0 0 0 0 0
T= 3.87
  X= -0.0941916232 0.0365012147 -0.100311792 0.399670822 -0.131765973 0.208359774 -0.882885704
  V= 0 0 0 0 0 0
T= 3.88
  X= -0.0942903946 0.0368970392 -0.10032928 0.399646946 -0.132101928 0.209362585 -0.882609034
  V= 0 0 0 0 0 0
T= 3.89
  X= -0.0945787626 0.0374110071 -0.100133974 0.400155702 -0.133315585 0.209535481 -0.882154891
  V= 0 0 0 0 0 0
T= 3.9
  X= -0.0947967211 0.0381776996 -0.100289544 0.399106066 -0.134436338 0.210971174 -0.882118123
  V= 0 0 0 0 0 0
T= 3.91
  X= -0.0953194086 0.0389202282 -0.100119856 0.398668158 -0.136177896 0.212141871 -0.881768171
  V= 0 0 0 0 0 0
T= 3.92
  X= -0.0956590491 0.0394078664 -0.100125517 0.39791253 -0.137831545 0.212867787 -0.881677599
  V= 0 0 0 0 0 0
T= 3.93
  X= -0.0958456355 0.0397283491 -0.100167224 0.397283665 -0.139178201 0.212739808 -0.881780524
  V= 0 0 0 0 0 0
T= 3.94
  X= -0.0961575167 0.0402856199 -0.100307718 0.39609495 -0.141333657 0.213459621 -0.881798491
  V= 0 0 0 0 0 0
T= 3.95
  X= -0.0965885683 0.041016513 -0.100330194 0.395203074 -0.143290132 0.215042171 -0.881498346
  V= 0 0 0 0 0 0
T= 3.96
  X= -0.0968664237 0.0415807224 -0.10038916 0.394344239 -0.145190638 0.215205103 -0.881532225
  V= 0 0 0 0 0 0
T= 3.97
  X= -0.0973550111 0.0422254462 -0.100682062 0.392775472 -0.147690952 0.21614678 -0.881586854
  V= 0 0 0 0 0 0
T= 3.98
  X= -0.0976285325 0.0424746346 -0.100741168 0.391891848 -0.149031674 0.217136617 -0.881511219
  V= 0 0 0 0 0 0
T= 3.99
  X= -0.0978350665 0.0429349139 -0.100893305 0.390430207 -0.150586282 0.217158607 -0.881890109
  V= 0 0 0 0 0 0
T= 4
  X= -0.0980169322 0.043101931 -0.100931219 0.389873463 -0.151397124 0.21800646 -0.881788397
  V= 0 0 0 0 0 0
T= 4.01
  X= -0.0982893881 0.0433532981 -0.100987323 0.388891575 -0.152987673 0.218432278 -0.88184208
  V= 0 0 0 0 0 0
T= 4.02
  X= -0.0983486743 0.0434397977 -0.100930031 0.388895526 -0.153261586 0.218019355 -0.881894958
  V= 0 0 0 0 0 0
T= 4.03
  X= -0.098530024 0.0436077555 -0.100966764 0.388239751 -0.154321344 0.218302318 -0.881929088
  V= 0 0 0 0 0 0
T= 4.04
  X= -0.0986212031 0.0438513249 -0.100984239 0.388013753 -0.154876184 0.218594214 -0.881858982
  V= 0 0 0 0 0 0
T= 4.05
  X= -0.0987106099 0.0440099382 -0.101120881 0.388169573 -0.154473229 0.219388935 -0.881663711
  V= 0 0 0 0 0 0
T= 4.06
  X= -0.0988328692 0.0442505532 -0.101213842 0.387413056 -0.155780018 0.219108171 -0.881836334
  V= 0 0 0 0 0 0
T= 4.07
  X= -0.0990706978 0.0444224912 -0.101312004 0.387141115 -0.156152922 0.219480073 -0.881797323
  V= 0 0 0 0 0 0
T= 4.08
  X= -0.0990934035 0.0445590798 -0.101425015 0.386324151 -0.1563668 0.219635939 -0.882078868
  V= 0 0 0 0 0 0
T= 4.09
  X= -0.099251294 0.0445917196 -0.101347624 0.386482084 -0.157211577 0.219762891 -0.881827869
  V= 0 0 0 0 0 0
T= 4.1
  X= -0.0992720666 0.0446437631 -0.101580415 0.385949361 -0.15671476 0.21985695 -0.882126123
  V= 0 0 0 0 0 0
T= 4.11
  X= -0.0993622683 0.0447285557 -0.101598131 0.385619369 -0.157243597 0.219998871 -0.882140947
  V= 0 0 0 0 0 0
T= 4.12
  X= -0.0993621581 0.0447283979 -0.101598058 0.385720425 -0.156996692 0.220561776 -0.882000168
  V= 0 0 0 0 0 0
T= 4.13
  X= -0.0994524752 0.0448133378 -0.101615594 0.385390587 -0.157526592 0.220703787 -0.882014346
  V= 0 0 0 0 0 0
T= 4.14
  X= -0.0994524752 0.0448133378 -0.101615594 0.385390587 -0.157526592 0.220703787 -0.882014346
  V= 0 0 0 0 0 0
T= 4.15
  X= -0.0993050015 0.044725646 -0.101535031 0.385334384 -0.157682464 0.22047272 -0.882068837
  V= 0 0 0 0 0 0
T= 4.16
  X= -0.0993042677 0.0445669778 -0.101535575 0.385232469 -0.157656495 0.220320793 -0.882155951
  V= 0 0 0 0 0 0
T= 4.17
  X= -0.0988889585 0.0441349053 -0.101609602 0.385199613 -0.157207662 0.219495077 -0.882456186
  V= 0 0 0 0 0 0
T= 4.18
  X= -0.0981547913 0.0432181264 -0.101739814 0.385087417 -0.15737253 0.217252511 -0.883030529
  V= 0 0 0 0 0 0
T= 4.19
  X= -0.0972620849 0.0421997753 -0.101833166 0.384524779 -0.15713168 0.215360109 -0.883781847
  V= 0 0 0 0 0 0
T= 4.2
  X= -0.0963975927 0.0408909545 -0.101881793 0.385156394 -0.155709944 0.213820369 -0.884132239
  V= 0 0 0 0 0 0
T= 4.21
  X= -0.0955841881 0.0397375998 -0.101795329 0.385010551 -0.154957182 0.211944906 -0.884779354
  V= 0 0 0 0 0 0
T= 4.22
  X= -0.0942072014 0.0376701866 -0.101519849 0.387151214 -0.15304474 0.208647839 -0.884961764
  V= 0 0 0 0 0 0
T= 4.23
  X= -0.092273383 0.0351831247 -0.101457857 0.389207613 -0.150368375 0.204967713 -0.885378463
  V= 0 0 0 0 0 0
T= 4.24
  X= -0.0898312003 0.032203364 -0.101896416 0.390490367 -0.147459131 0.200265928 -0.886378382
  V= 0 0 0 0 0 0
T= 4.25
  X= -0.0882464221 0.0303381576 -0.101680667 0.392948514 -0.145700482 0.198625218 -0.88595195
  V= 0 0 0 0 0 0
T= 4.26
  X= -0.0871337601 0.028878442 -0.101468508 0.39533788 -0.143389049 0.197914379 -0.885425005
  V= 0 0 0 0 0 0
T= 4.27
  X= -0.0856612311 0.0274116604 -0.101064973 0.397397394 -0.14183245 0.19736953 -0.884875209
  V= 0 0 0 0 0 0
T= 4.28
  X= -0.0837193482 0.0256160506 -0.100914569 0.398941063 -0.140287857 0.196012898 -0.88472837
  V= 0 0 0 0 0 0
T= 4.29
  X= -0.0821788843 0.0242540462 -0.100553065 0.401461693 -0.138968278 0.195479159 -0.88391415
  V= 0 0 0 0 0 0
T= 4.3
  X= -0.081112244 0.0238115854 -0.100002205 0.403806964 -0.137389624 0.195805008 -0.88302006
  V= 0 0 0 0 0 0
T= 4.31
  X= -0.0804490492 0.023703602 -0.0996680021 0.40684806 -0.135625018 0.196811687 -0.881672088
  V= 0 0 0 0 0 0
T= 4.32
  X= -0.0793691109 0.0238363621 -0.0997205878 0.408402702 -0.133954447 0.197581509 -0.881036314
  V= 0 0 0 0 0 0
T= 4.33
  X= -0.0779679059 0.0235794636 -0.0997652126 0.409869354 -0.132075924 0.197145628 -0.880736433
  V= 0 0 0 0 0 0
T= 4.34
  X= -0.0765721251 0.0236895296 -0.0999420986 0.411400865 -0.129264594 0.197110586 -0.880447278
  V= 0 0 0 0 0 0
T= 4.35
  X= -0.0753281261 0.0238184265 -0.099744358 0.413099398 -0.126951162 0.196713666 -0.880077283
  V= 0 0 0 0 0 0
T= 4.36
  X= -0.0744495682 0.023881759 -0.0994105612 0.41421131 -0.125744522 0.196561794 -0.879761767
  V= 0 0 0 0 0 0
T= 4.37
  X= -0.0733348299 0.0236551729 -0.0989575717 0.416105619 -0.123135111 0.195468966 -0.879480381
  V= 0 0 0 0 0 0
T= 4.38
  X= -0.0718280912 0.023635601 -0.0983799744 0.41804218 -0.119815957 0.194774162 -0.879174555
  V= 0 0 0 0 0 0
T= 4.39
  X= -0.0709370209 0.0236293267 -0.0981543532 0.419381927 -0.11786447 0.194568252 -0.878845812
  V= 0 0 0 0 0 0
T= 4.4
  X= -0.0698618722 0.0238824512 -0.0982807269 0.41998902 -0.114924274 0.193889536 -0.879095263
  V= 0 0 0 0 0 0
T= 4.41
  X= -0.0690740487 0.0238792404 -0.0981638411 0.421455157 -0.111551985 0.193302455 -0.878957261
  V= 0 0 0 0 0 0
T= 4.42
  X= -0.0683357796 0.0236582465 -0.0979894212 0.422801961 -0.108149876 0.192564705 -0.878897571
  V= 0 0 0 0 0 0
T= 4.43
  X= -0.0675908105 0.0234242616 -0.0978478122 0.423704734 -0.104202866 0.192368754 -0.87898255
  V= 0 0 0 0 0 0
T= 4.44
  X= -0.0670332847 0.0231636087 -0.0974405198 0.4256592 -0.101104632 0.191761886 -0.878532571
  V= 0 0 0 0 0 0
T= 4.45
  X= -0.0665504518 0.0232491575 -0.0973292341 0.426837117 -0.0984144564 0.190933189 -0.878447032
  V= 0 0 0 0 0 0
T= 4.46
  X= -0.0660652295 0.0234530589 -0.0969233294 0.429549546 -0.0944353764 0.191377126 -0.877464497
  V= 0 0 0 0 0 0
T= 4.47
  X= -0.0655919359 0.0239601639 -0.0964972517 0.432370592 -0.0910736653 0.19096212 -0.876524231
  V= 0 0 0 0 0 0
T= 4.48
  X= -0.0649468857 0.0247312443 -0.0961881156 0.434508331 -0.087905815 0.191119202 -0.875755976
  V= 0 0 0 0 0 0
T= 4.49
  X= -0.0645158523 0.0257863351 -0.0955691922 0.438303515 -0.083609615 0.192329958 -0.874018677
  V= 0 0 0 0 0 0
T= 4.5
  X= -0.0642193422 0.0274832083 -0.0944452332 0.443180805 -0.079461363 0.193664409 -0.871648302
  V= 0 0 0 0 0 0
T= 4.51
  X= -0.0640433084 0.0291804151 -0.0938701622 0.44583822 -0.0761641043 0.195017106 -0.870284804
  V= 0 0 0 0 0 0
T= 4.52
  X= -0.0638104184 0.0313458497 -0.0929090511 0.449007327 -0.0736557169 0.196128784 -0.86862003
  V= 0 0 0 0 0 0
T= 4.53
  X= -0.063685737 0.0337637974 -0.0922402376 0.451085003 -0.0704388551 0.198613247 -0.867244755
  V= 0 0 0 0 0 0
T= 4.54
  X= -0.064011819 0.0366002563 -0.0912292453 0.453354478 -0.0688112694 0.200207867 -0.865824195
  V= 0 0 0 0 0 0
T= 4.55
  X= -0.0638803663 0.0394491273 -0.0898887118 0.456092037 -0.0668841877 0.201873558 -0.864149076
  V= 0 0 0 0 0 0
T= 4.56
  X= -0.0636453357 0.0426556545 -0.0881721359 0.45798016 -0.0661664086 0.202576204 -0.86304059
  V= 0 0 0 0 0 0
T= 4.57
  X= -0.0629018673 0.0462878332 -0.0864130793 0.459975933 -0.0653394548 0.202526336 -0.862053351
  V= 0 0 0 0 0 0
T= 4.58
  X= -0.0622924087 0.0493711677 -0.085084089 0.461043529 -0.0645284385 0.202129375 -0.861637198
  V= 0 0 0 0 0 0
T= 4.59
  X= -0.0615558625 0.0526123434 -0.0836513282 0.462264977 -0.0642218811 0.201162511 -0.861231842
  V= 0 0 0 0 0 0
T= 4.6
  X= -0.0606821563 0.0559243805 -0.0820187838 0.463124986 -0.0630502058 0.200007898 -0.861125287
  V= 0 0 0 0 0 0
T= 4.61
  X= -0.0600765491 0.0590075638 -0.0799700447 0.46426096 -0.0628731852 0.198931278 -0.860775853
  V= 0 0 0 0 0 0
T= 4.62
  X= -0.0594583064 0.0621476121 -0.0776616047 0.466118513 -0.0629007805 0.19843041 -0.859885106
  V= 0 0 0 0 0 0
T= 4.63
  X= -0.0593687155 0.0659040201 -0.0748241668 0.467784825 -0.064377974 0.198471285 -0.858860864
  V= 0 0 0 0 0 0
T= 4.64
  X= -0.0590599546 0.0704045248 -0.0722110208 0.46957933 -0.0650664952 0.200007881 -0.857472129
  V= 0 0 0 0 0 0
T= 4.65
  X= -0.0584370823 0.0747522867 -0.0695862479 0.47129992 -0.0667880668 0.20120559 -0.856114508
  V= 0 0 0 0 0 0
T= 4.66
  X= -0.057394523 0.0793230228 -0.0674261037 0.472368831 -0.0687435029 0.201087695 -0.855398011
  V= 0 0 0 0 0 0
T= 4.67
  X= -0.0559347525 0.0839561685 -0.0655116833 0.472536524 -0.0695903521 0.201683433 -0.855096608
  V= 0 0 0 0 0 0
T= 4.68
  X= -0.0542661111 0.0884196025 -0.0634944822 0.47226945 -0.0711776329 0.202048282 -0.85502737
  V= 0 0 0 0 0 0
T= 4.69
  X= -0.0522054402 0.093121156 -0.0615459754 0.471237247 -0.0715292263 0.2020955 -0.855556214
  V= 0 0 0 0 0 0
T= 4.7
  X= -0.0503675204 0.097992239 -0.0592108977 0.4704041 -0.0722702865 0.203180076 -0.855695533
  V= 0 0 0 0 0 0
T= 4.71
  X= -0.0489681742 0.102466027 -0.0565345841 0.470094198 -0.0727806617 0.204936645 -0.855403643
  V= 0 0 0 0 0 0
T= 4.72
  X= -0.0474244322 0.108109919 -0.0531509794 0.469647309 -0.0740402459 0.20714609 -0.855008739
  V= 0 0 0 0 0 0
T= 4.73
  X= -0.0459775191 0.112719833 -0.0499068982 0.469536615 -0.0748339914 0.208503874 -0.854670331
  V= 0 0 0 0 0 0
T= 4.74
  X= -0.0445077644 0.117344672 -0.0467947741 0.469596553 -0.075705066 0.211159189 -0.853908436
  V= 0 0 0 0 0 0
T= 4.75
  X= -0.0423407866 0.122962865 -0.0431160461 0.468752492 -0.0774878752 0.213124574 -0.853723987
  V= 0 0 0 0 0 0
T= 4.76
  X= -0.0405861083 0.127746895 -0.0401523076 0.468559306 -0.0793891589 0.214866029 -0.853218687
  V= 0 0 0 0 0 0
T= 4.77
  X= -0.0384570448 0.1329875 -0.036887268 0.467379863 -0.0824695311 0.216563724 -0.853144181
  V= 0 0 0 0 0 0
T= 4.78
  X= -0.036223066 0.138560457 -0.0336760801 0.466203284 -0.0851298874 0.218564282 -0.853016444
  V= 0 0 0 0 0 0
T= 4.79
  X= -0.034087257 0.143644434 -0.0309176462 0.46520865 -0.0869550522 0.220110949 -0.852977667
  V= 0 0 0 0 0 0
T= 4.8
  X= -0.0315334608 0.14938718 -0.0283136659 0.462030534 -0.0891064315 0.222573377 -0.853843616
  V= 0 0 0 0 0 0
T= 4.81
  X= -0.0287618013 0.154848613 -0.0253417134 0.460417651 -0.0916925282 0.223255068 -0.854262981
  V= 0 0 0 0 0 0
T= 4.82
  X= -0.0256803074 0.160224016 -0.02289329 0.457307474 -0.0934848881 0.224425796 -0.855431769
  V= 0 0 0 0 0 0
T= 4.83
  X= -0.0216496694 0.166125505 -0.0198938775 0.453932368 -0.0960469567 0.225688504 -0.856612565
  V= 0 0 0 0 0 0
T= 4.84
  X= -0.0173906929 0.171521292 -0.0170185223 0.450876053 -0.0983268686 0.226204335 -0.857831109
  V= 0 0 0 0 0 0
T= 4.85
  X= -0.0133264883 0.17743709 -0.0145136788 0.446492239 -0.100330886 0.228854716 -0.859187938
  V= 0 0 0 0 0 0
T= 4.86
  X= -0.00950118575 0.182444706 -0.01247158 0.442641413 -0.101062751 0.230998289 -0.860520012
  V= 0 0 0 0 0 0
T= 4.87
  X= -0.00529916795 0.188493285 -0.0102600189 0.438216311 -0.102300393 0.233455564 -0.861974242
  V= 0 0 0 0 0 0
T= 4.88
  X= -0.000243214817 0.195121903 -0.00776388564 0.433279492 -0.104203904 0.23662774 -0.863375782
  V= 0 0 0 0 0 0
T= 4.89
  X= 0.00366726737 0.200172553 -0.00570531384 0.428906587 -0.106724273 0.239497022 -0.864459511
  V= 0 0 0 0 0 0
T= 4.9
  X= 0.00766644608 0.205254827 -0.0040858115 0.423262142 -0.108337905 0.242798276 -0.866118384
  V= 0 0 0 0 0 0
T= 4.91
  X= 0.0119013244 0.210514318 -0.00201335732 0.418325274 -0.111338127 0.245641505 -0.867333867
  V= 0 0 0 0 0 0
T= 4.92
  X= 0.0164645521 0.215729961 6.62412414e-05 0.413096481 -0.114878212 0.248233794 -0.868639325
  V= 0 0 0 0 0 0
T= 4.93
  X= 0.0208198344 0.22078942 0.00164720183 0.407559968 -0.11751758 0.250980168 -0.870111169
  V= 0 0 0 0 0 0
T= 4.94
  X= 0.0248512202 0.225785446 0.00279405696 0.400531759 -0.12071079 0.254080411 -0.872035756
  V= 0 0 0 0 0 0
T= 4.95
  X= 0.0290042028 0.230944324 0.00398838947 0.392148666 -0.12633832 0.257766363 -0.873964847
  V= 0 0 0 0 0 0
T= 4.96
  X= 0.0331862413 0.235409169 0.00506445579 0.382615276 -0.132656811 0.260309875 -0.876496714
  V= 0 0 0 0 0 0
T= 4.97
  X= 0.0382761428 0.2399807 0.00546846093 0.36840472 -0.138178388 0.265439511 -0.880185527
  V= 0 0 0 0 0 0
T= 4.98
  X= 0.0420830686 0.242732876 0.0058860604 0.357912453 -0.143267156 0.26719415 -0.883165038
  V= 0 0 0 0 0 0
T= 4.99
  X= 0.0469243352 0.245846822 0.00602876775 0.342865078 -0.148535777 0.271139053 -0.887053705
  V= 0 0 0 0 0 0
T= 5
  X= 0.0511018958 0.2483048 0.00598957288 0.329164585 -0.152405841 0.273415543 -0.890879945
  V= 0 0 0 0 0 0
